0 0.101362 0.736235 0.0879754 0.0773529
6 0.842761 0.633982 0.0542381 0.0916262
9 0.797511 0.231743 0.093004 0.126134
6 0.330937 0.0517005 0.0498963 0.0796406
6 0.545452 0.0401198 0.0409377 0.0802206
6 0.97453 0.386206 0.0502769 0.0684494
6 0.583772 0.367702 0.030311 0.0874672
6 0.162963 0.0765426 0.024959 0.0919103
5 0.407878 0.794378 0.0381706 0.0448112
7 0.898214 0.0674192 0.025436 0.0491636
7 0.375267 0.320825 0.0262833 0.0528088
7 0.230988 0.509099 0.0323802 0.0297591
6 0.673808 0.0109345 0.0285141 0.0218689
