6 0.666864 0.566127 0.0757538 0.0958639
6 0.0903412 0.14157 0.0420344 0.0767649
0 0.285133 0.100663 0.048485 0.0691809
6 0.256823 0.310944 0.0352238 0.0824167
6 0.768814 0.366213 0.0500443 0.0660504
6 0.55561 0.351277 0.0366436 0.0627627
0 0.299092 0.548839 0.0440185 0.0460149
6 0.912732 0.770922 0.0332554 0.088129
6 0.722166 0.788687 0.0556459 0.0500493
7 0.582277 0.796952 0.0239105 0.0524895
7 0.109079 0.8295 0.0358087 0.0399509
7 0.575836 0.724736 0.0286068 0.0452271
7 0.737599 0.205924 0.0326232 0.037766
7 0.805022 0.969353 0.0416628 0.0388643
7 0.35902 0.434877 0.0231455 0.0481924
7 0.797354 0.797052 0.0324539 0.0369407
6 0.980515 0.931324 0.0384021 0.0385975
7 0.100437 0.993251 0.029761 0.0115339
