5 0.0576634 0.838021 0.0663999 0.102348
6 0.828254 0.569548 0.0620304 0.0814537
5 0.322634 0.154327 0.0504675 0.0835389
6 0.0222878 0.515114 0.0445755 0.144637
6 0.111824 0.610272 0.0439975 0.0905956
7 0.133505 0.380301 0.0237884 0.0566103
5 0.122859 0.53548 0.0364166 0.0714646
6 0.0638207 0.525108 0.0640951 0.0488203
7 0.114005 0.438832 0.0362446 0.0342898
7 0.495638 0.373397 0.0262972 0.0571429
7 0.570067 0.275818 0.0302426 0.0577715
7 0.602695 0.269936 0.0211657 0.0575841
7 0.0710294 0.601814 0.0370042 0.0494926
